5.000000e-01 0.000000e+00
4.950207e-01 8.631544e-02
4.803250e-01 1.709451e-01
4.565957e-01 2.523756e-01
4.248424e-01 3.293932e-01
3.862559e-01 4.011395e-01
3.420724e-01 4.671034e-01
2.934721e-01 5.270687e-01
2.415178e-01 5.810452e-01
1.871275e-01 6.291994e-01
1.310718e-01 6.717971e-01
7.398423e-02 7.091591e-01
1.637793e-02 7.416302e-01
-4.133566e-02 7.695585e-01
-9.882915e-02 7.932821e-01
-1.558436e-01 8.131219e-01
-2.121752e-01 8.293779e-01
-2.676642e-01 8.423272e-01
-3.221864e-01 8.522246e-01
-3.756453e-01 8.593032e-01
-4.279672e-01 8.637757e-01
-4.790959e-01 8.658362e-01
-5.289895e-01 8.656614e-01
-5.776171e-01 8.634128e-01
-6.249572e-01 8.592376e-01
-6.709952e-01 8.532705e-01
-7.157219e-01 8.456347e-01
-7.591331e-01 8.364434e-01
-8.012276e-01 8.258005e-01
-8.420074e-01 8.138017e-01
-8.814764e-01 8.005353e-01
-9.196402e-01 7.860830e-01
-9.565058e-01 7.705205e-01
-9.920809e-01 7.539180e-01
-1.026374e+00 7.363408e-01
-1.059394e+00 7.178501e-01
-1.091150e+00 6.985026e-01
-1.121652e+00 6.783519e-01
-1.150909e+00 6.574480e-01
-1.178930e+00 6.358381e-01
-1.205725e+00 6.135665e-01
-1.231303e+00 5.906752e-01
-1.255672e+00 5.672039e-01
-1.278840e+00 5.431904e-01
-1.300817e+00 5.186705e-01
-1.321610e+00 4.936783e-01
-1.341226e+00 4.682464e-01
-1.359672e+00 4.424062e-01
-1.376955e+00 4.161875e-01
-1.393082e+00 3.896191e-01
-1.408059e+00 3.627289e-01
-1.421890e+00 3.355436e-01
-1.434581e+00 3.080892e-01
-1.446137e+00 2.803910e-01
-1.456561e+00 2.524734e-01
-1.465859e+00 2.243603e-01
-1.474033e+00 1.960753e-01
-1.481085e+00 1.676411e-01
-1.487020e+00 1.390803e-01
-1.491839e+00 1.104152e-01
-1.495544e+00 8.166754e-02
-1.498136e+00 5.285913e-02
-1.499616e+00 2.401148e-02
-1.499984e+00 -4.853967e-03
-1.499242e+00 -3.371582e-02
-1.497388e+00 -6.255266e-02
-1.494422e+00 -9.134305e-02
-1.490343e+00 -1.200654e-01
-1.485149e+00 -1.486979e-01
-1.478838e+00 -1.772186e-01
-1.471409e+00 -2.056051e-01
-1.462858e+00 -2.338349e-01
-1.453182e+00 -2.618849e-01
-1.442377e+00 -2.897314e-01
-1.430440e+00 -3.173504e-01
-1.417366e+00 -3.447171e-01
-1.403150e+00 -3.718061e-01
-1.387788e+00 -3.985912e-01
-1.371272e+00 -4.250451e-01
-1.353599e+00 -4.511398e-01
-1.334760e+00 -4.768461e-01
-1.314749e+00 -5.021336e-01
-1.293559e+00 -5.269707e-01
-1.271182e+00 -5.513243e-01
-1.247611e+00 -5.751595e-01
-1.222837e+00 -5.984400e-01
-1.196851e+00 -6.211275e-01
-1.169644e+00 -6.431814e-01
-1.141209e+00 -6.645590e-01
-1.111534e+00 -6.852150e-01
-1.080611e+00 -7.051013e-01
-1.048431e+00 -7.241668e-01
-1.014984e+00 -7.423568e-01
-9.802607e-01 -7.596132e-01
-9.442525e-01 -7.758735e-01
-9.069512e-01 -7.910708e-01
-8.683492e-01 -8.051330e-01
-8.284399e-01 -8.179825e-01
-7.872183e-01 -8.295355e-01
-7.446811e-01 -8.397014e-01
-7.008273e-01 -8.483816e-01
-6.556589e-01 -8.554693e-01
-6.091818e-01 -8.608481e-01
-5.614067e-01 -8.643911e-01
-5.123505e-01 -8.659594e-01
-4.620377e-01 -8.654011e-01
-4.105024e-01 -8.625501e-01
-3.577911e-01 -8.572237e-01
-3.039653e-01 -8.492219e-01
-2.491059e-01 -8.383252e-01
-1.933181e-01 -8.242934e-01
-1.367371e-01 -8.068643e-01
-7.953629e-02 -7.857530e-01
-2.193678e-02 -7.606521e-01
3.578110e-02 -7.312345e-01
9.326355e-02 -6.971576e-01
1.500670e-01 -6.580727e-01
2.056398e-01 -6.136403e-01
2.593041e-01 -5.635539e-01
3.102404e-01 -5.075755e-01
3.574806e-01 -4.455842e-01
3.999180e-01 -3.776383e-01
4.363448e-01 -3.040458e-01
4.655266e-01 -2.254303e-01
4.863172e-01 -1.427717e-01
4.978015e-01 -5.739445e-02
4.994348e-01 2.911293e-02
